"Sens Factor =0.532dB, AGain =18dB, SERNO: 7101790"
"Auto-generated 90-degree calibration file"
10.054	-3.1441
10.179	-2.9865
10.306	-2.8321
10.434	-2.6809
10.564	-2.5329
10.696	-2.3880
10.829	-2.2462
10.964	-2.1075
11.100	-1.9718
11.238	-1.8390
11.378	-1.7093
11.520	-1.5825
11.663	-1.4586
11.809	-1.3376
11.956	-1.2194
12.104	-1.1039
12.255	-0.9913
12.408	-0.8814
12.562	-0.7743
12.718	-0.6697
12.877	-0.5679
13.037	-0.4686
13.199	-0.3720
13.364	-0.2779
13.530	-0.1862
13.698	-0.0971
13.869	-0.0104
14.042	0.0738
14.216	0.1557
14.393	0.2352
14.573	0.3124
14.754	0.3873
14.938	0.4600
15.124	0.5304
15.312	0.5986
15.503	0.6647
15.696	0.7286
15.891	0.7905
16.089	0.8503
16.289	0.9080
16.492	0.9638
16.697	1.0176
16.905	1.0694
17.115	1.1194
17.328	1.1675
17.544	1.2137
17.763	1.2582
17.984	1.3008
18.208	1.3418
18.434	1.3810
18.664	1.4185
18.896	1.4544
19.131	1.4887
19.369	1.5214
19.611	1.5526
19.855	1.5822
20.102	1.6104
20.352	1.6371
20.605	1.6624
20.862	1.6863
21.122	1.7089
21.385	1.7301
21.651	1.7500
21.920	1.7687
22.193	1.7862
22.470	1.8024
22.749	1.8175
23.032	1.8315
23.319	1.8444
23.609	1.8562
23.903	1.8670
24.201	1.8768
24.502	1.8856
24.807	1.8935
25.116	1.9005
25.429	1.9066
25.745	1.9119
26.066	1.9163
26.390	1.9200
26.719	1.9230
27.051	1.9252
27.388	1.9268
27.729	1.9277
28.074	1.9280
28.424	1.9277
28.778	1.9269
29.136	1.9256
29.499	1.9238
29.866	1.9215
30.238	1.9188
30.614	1.9157
30.995	1.9123
31.381	1.9086
31.772	1.9045
32.167	1.9002
32.568	1.8957
32.973	1.8910
33.383	1.8861
33.799	1.8811
34.220	1.8760
34.646	1.8708
35.077	1.8656
35.514	1.8605
35.956	1.8554
36.403	1.8502
36.857	1.8450
37.315	1.8396
37.780	1.8340
38.250	1.8284
38.726	1.8226
39.209	1.8166
39.697	1.8105
40.191	1.8041
40.691	1.7974
41.198	1.7903
41.711	1.7827
42.230	1.7746
42.756	1.7660
43.288	1.7571
43.827	1.7478
44.372	1.7384
44.925	1.7289
45.484	1.7193
46.050	1.7098
46.623	1.7004
47.204	1.6913
47.791	1.6823
48.386	1.6736
48.989	1.6650
49.599	1.6566
50.216	1.6483
50.841	1.6401
51.474	1.6320
52.115	1.6241
52.764	1.6162
53.420	1.6086
54.085	1.6013
54.759	1.5942
55.440	1.5875
56.131	1.5813
56.829	1.5753
57.537	1.5695
58.253	1.5639
58.978	1.5582
59.712	1.5525
60.456	1.5466
61.208	1.5405
61.970	1.5342
62.742	1.5277
63.523	1.5210
64.314	1.5142
65.114	1.5072
65.925	1.5002
66.745	1.4931
67.576	1.4861
68.418	1.4793
69.269	1.4728
70.132	1.4665
71.005	1.4604
71.889	1.4546
72.784	1.4488
73.690	1.4430
74.607	1.4372
75.536	1.4315
76.476	1.4257
77.428	1.4198
78.392	1.4140
79.368	1.4081
80.356	1.4021
81.356	1.3961
82.369	1.3902
83.394	1.3842
84.433	1.3783
85.484	1.3722
86.548	1.3661
87.625	1.3598
88.716	1.3533
89.820	1.3465
90.939	1.3395
92.071	1.3321
93.217	1.3242
94.377	1.3160
95.552	1.3074
96.742	1.2986
97.946	1.2897
99.165	1.2807
100.400	1.2718
101.650	1.2630
102.915	1.2545
104.196	1.2463
105.493	1.2385
106.806	1.2312
108.136	1.2242
109.482	1.2177
110.845	1.2115
112.225	1.2057
113.622	1.2002
115.037	1.1951
116.469	1.1903
117.919	1.1859
119.386	1.1817
120.873	1.1778
122.377	1.1741
123.901	1.1707
125.443	1.1673
127.005	1.1636
128.586	1.1593
130.187	1.1542
131.807	1.1481
133.448	1.1410
135.109	1.1329
136.791	1.1239
138.494	1.1144
140.218	1.1044
141.964	1.0942
143.731	1.0839
145.520	1.0737
147.332	1.0637
149.166	1.0541
151.023	1.0449
152.903	1.0360
154.806	1.0274
156.734	1.0191
158.685	1.0108
160.660	1.0029
162.660	0.9957
164.685	0.9893
166.735	0.9835
168.811	0.9781
170.912	0.9729
173.040	0.9678
175.194	0.9626
177.375	0.9573
179.583	0.9517
181.819	0.9460
184.082	0.9402
186.374	0.9343
188.694	0.9284
191.043	0.9225
193.421	0.9169
195.829	0.9115
198.267	0.9064
200.735	0.9014
203.234	0.8963
205.764	0.8909
208.325	0.8853
210.919	0.8796
213.544	0.8740
216.203	0.8687
218.894	0.8639
221.619	0.8597
224.378	0.8560
227.171	0.8527
229.999	0.8497
232.862	0.8469
235.761	0.8443
238.696	0.8417
241.668	0.8388
244.676	0.8357
247.722	0.8320
250.806	0.8278
253.928	0.8233
257.089	0.8186
260.290	0.8139
263.530	0.8095
266.810	0.8051
270.132	0.8002
273.495	0.7946
276.899	0.7885
280.346	0.7818
283.836	0.7746
287.370	0.7669
290.947	0.7588
294.569	0.7506
298.236	0.7424
301.949	0.7343
305.708	0.7264
309.513	0.7187
313.366	0.7113
317.267	0.7039
321.217	0.6962
325.216	0.6880
329.264	0.6792
333.363	0.6696
337.513	0.6596
341.715	0.6492
345.969	0.6388
350.276	0.6284
354.636	0.6183
359.051	0.6087
363.521	0.5997
368.046	0.5915
372.628	0.5841
377.266	0.5775
381.963	0.5715
386.718	0.5660
391.532	0.5604
396.406	0.5546
401.341	0.5482
406.337	0.5408
411.395	0.5332
416.517	0.5254
421.702	0.5173
426.951	0.5091
432.266	0.5007
437.648	0.4921
443.096	0.4833
448.612	0.4745
454.196	0.4657
459.851	0.4569
465.575	0.4484
471.371	0.4401
477.239	0.4320
483.180	0.4240
489.195	0.4160
495.285	0.4080
501.450	0.3999
507.693	0.3916
514.013	0.3829
520.412	0.3740
526.890	0.3649
533.449	0.3558
540.090	0.3468
546.814	0.3381
553.621	0.3297
560.513	0.3218
567.490	0.3142
574.555	0.3070
581.707	0.3001
588.949	0.2934
596.281	0.2867
603.703	0.2800
611.219	0.2732
618.828	0.2661
626.531	0.2588
634.331	0.2514
642.228	0.2437
650.222	0.2360
658.317	0.2287
666.512	0.2224
674.809	0.2170
683.210	0.2121
691.715	0.2074
700.326	0.2026
709.044	0.1977
717.871	0.1925
726.807	0.1870
735.855	0.1812
745.016	0.1752
754.290	0.1691
763.680	0.1626
773.187	0.1555
782.812	0.1485
792.557	0.1413
802.424	0.1342
812.413	0.1271
822.526	0.1199
832.766	0.1128
843.133	0.1058
853.629	0.0986
864.255	0.0912
875.014	0.0839
885.907	0.0763
896.935	0.0687
908.101	0.0608
919.406	0.0527
930.851	0.0447
942.439	0.0365
954.171	0.0284
966.049	0.0202
978.076	0.0119
990.251	0.0036
1002.579	-0.0049
1015.060	-0.0136
1027.696	-0.0226
1040.489	-0.0318
1053.442	-0.0408
1066.556	-0.0497
1079.833	-0.0583
1093.276	-0.0666
1106.886	-0.0747
1120.665	-0.0823
1134.616	-0.0899
1148.741	-0.0969
1163.041	-0.1036
1177.519	-0.1099
1192.178	-0.1157
1207.019	-0.1211
1222.045	-0.1264
1237.258	-0.1315
1252.660	-0.1362
1268.254	-0.1407
1284.042	-0.1449
1300.027	-0.1490
1316.211	-0.1527
1332.596	-0.1562
1349.185	-0.1595
1365.981	-0.1631
1382.985	-0.1667
1400.202	-0.1701
1417.633	-0.1734
1435.280	-0.1764
1453.148	-0.1793
1471.238	-0.1819
1489.553	-0.1840
1508.096	-0.1859
1526.870	-0.1873
1545.877	-0.1882
1565.121	-0.1888
1584.605	-0.1891
1604.332	-0.1890
1624.303	-0.1888
1644.524	-0.1882
1664.996	-0.1873
1685.723	-0.1860
1706.708	-0.1844
1727.955	-0.1831
1749.466	-0.1816
1771.244	-0.1800
1793.294	-0.1781
1815.618	-0.1761
1838.221	-0.1736
1861.104	-0.1710
1884.272	-0.1679
1907.729	-0.1646
1931.478	-0.1615
1955.523	-0.1584
1979.866	-0.1549
2004.513	-0.1510
2029.467	-0.1468
2054.731	-0.1422
2080.310	-0.1372
2106.207	-0.1322
2132.427	-0.1269
2158.973	-0.1218
2185.849	-0.1166
2213.060	-0.1113
2240.610	-0.1057
2268.503	-0.1002
2296.743	-0.0943
2325.334	-0.0885
2354.282	-0.0830
2383.590	-0.0775
2413.262	-0.0719
2443.305	-0.0663
2473.721	-0.0605
2504.515	-0.0544
2535.693	-0.0479
2567.260	-0.0413
2599.219	-0.0346
2631.576	-0.0278
2664.335	-0.0207
2697.503	-0.0132
2731.084	-0.0053
2765.082	0.0030
2799.504	0.0116
2834.354	0.0204
2869.638	0.0295
2905.362	0.0381
2941.530	0.0468
2978.148	0.0557
3015.222	0.0647
3052.758	0.0738
3090.761	0.0829
3129.237	0.0921
3168.192	0.1013
3207.632	0.1106
3247.563	0.1198
3287.991	0.1286
3328.923	0.1376
3370.364	0.1466
3412.320	0.1559
3454.799	0.1656
3497.807	0.1757
3541.351	0.1865
3585.436	0.1979
3630.070	0.2097
3675.260	0.2220
3721.012	0.2346
3767.334	0.2476
3814.233	0.2612
3861.715	0.2750
3909.789	0.2893
3958.460	0.3037
4007.738	0.3182
4057.630	0.3327
4108.142	0.3466
4159.283	0.3605
4211.061	0.3744
4263.483	0.3884
4316.559	0.4027
4370.294	0.4172
4424.699	0.4319
4479.781	0.4466
4535.548	0.4613
4592.010	0.4757
4649.175	0.4898
4707.051	0.5037
4765.648	0.5173
4824.975	0.5305
4885.039	0.5419
4945.852	0.5524
5007.421	0.5625
5069.757	0.5720
5132.870	0.5806
5196.768	0.5872
5261.460	0.5929
5326.959	0.5973
5393.273	0.6003
5460.413	0.6016
5528.388	0.6011
5597.209	0.5989
5666.887	0.5948
5737.433	0.5894
5808.857	0.5831
5881.169	0.5757
5954.383	0.5673
6028.507	0.5581
6103.555	0.5481
6179.536	0.5375
6256.464	0.5264
6334.349	0.5150
6413.204	0.5034
6493.040	0.4917
6573.870	0.4798
6655.706	0.4676
6738.562	0.4551
6822.448	0.4418
6907.379	0.4279
6993.367	0.4127
7080.426	0.3960
7168.568	0.3772
7257.808	0.3561
7348.158	0.3326
7439.633	0.3054
7532.248	0.2738
7626.015	0.2371
7720.949	0.1966
7817.065	0.1536
7914.377	0.1086
8012.901	0.0619
8112.652	0.0132
8213.645	-0.0364
8315.894	-0.0888
8419.416	-0.1449
8524.228	-0.2050
8630.343	-0.2701
8737.780	-0.3402
8846.555	-0.4142
8956.683	-0.4914
9068.182	-0.5708
9181.069	-0.6518
9295.362	-0.7339
9411.078	-0.8171
9528.233	-0.9017
9646.849	-0.9883
9766.939	-1.0778
9888.525	-1.1703
10011.625	-1.2656
10136.257	-1.3641
10262.440	-1.4657
10390.195	-1.5691
10519.540	-1.6756
10650.495	-1.7850
10783.080	-1.8970
10917.316	-2.0115
11053.223	-2.1282
11190.821	-2.2472
11330.133	-2.3684
11471.179	-2.4917
11613.980	-2.6163
11758.561	-2.7424
11904.939	-2.8694
12053.141	-2.9967
12203.188	-3.1238
12355.102	-3.2497
12508.907	-3.3742
12664.627	-3.4968
12822.286	-3.6180
12981.907	-3.7387
13143.516	-3.8599
13307.136	-3.9823
13472.793	-4.1060
13640.512	-4.2306
13810.319	-4.3547
13982.240	-4.4780
14156.302	-4.6002
14332.529	-4.7200
14510.951	-4.8369
14691.595	-4.9511
14874.486	-5.0644
15059.655	-5.1773
15247.129	-5.2901
15436.937	-5.4025
15629.106	-5.5148
15823.669	-5.6271
16020.654	-5.7394
16220.091	-5.8512
16422.010	-5.9620
16626.443	-6.0716
16833.422	-6.1802
17042.977	-6.2875
17255.141	-6.3933
17469.945	-6.4965
17687.424	-6.5977
17907.609	-6.6868
18130.537	-6.7769
18356.240	-6.8676
18584.752	-6.9590
18816.107	-7.0513
19050.346	-7.1445
19287.498	-7.2385
19527.604	-7.3335
19770.697	-7.4296
20016.816	-7.5269
